vModel=587
rType=0
vPosX_0=-143.464050
vPosY_0=2632.386230
vPosZ_0=63.556217
vAngle_0=271.671142
vPosX_1=-143.381607
vPosY_1=2638.705078
vPosZ_1=63.551025
vAngle_1=269.894165
CP_0_PosX=-63.098423
CP_0_PosY=2637.042724
CP_0_PosZ=63.509452
CP_1_PosX=97.883255
CP_1_PosY=2692.834472
CP_1_PosZ=52.054199
CP_2_PosX=217.784088
CP_2_PosY=2752.242431
CP_2_PosZ=59.173397
CP_3_PosX=401.838348
CP_3_PosY=2701.799560
CP_3_PosZ=60.441925
CP_4_PosX=526.553649
CP_4_PosY=2724.236816
CP_4_PosZ=65.943855
CP_5_PosX=870.532104
CP_5_PosY=2684.110351
CP_5_PosZ=33.013900
CP_6_PosX=862.599426
CP_6_PosY=2541.615234
CP_6_PosZ=29.478435
CP_7_PosX=746.300842
CP_7_PosY=2421.145263
