vModel=575
rType=0
vPosX_0=2180.114501
vPosY_0=-1894.612304
vPosZ_0=12.955598
vAngle_0=92.500389
vPosX_1=2115.401123
vPosY_1=-1894.240600
vPosZ_1=12.930842
vAngle_1=90.225151
