vModel=539
rType=0
vPosX_0=2782.615722
vPosY_0=-2296.526367
vPosZ_0=0.234241
vAngle_0=285.910003
vPosX_1=2782.613281
vPosY_1=-2296.524414
vPosZ_1=0.261071
vAngle_1=285.910278
